-0.9165 -1.6104 0.2290 -0.3149 0.4145 1.6845
-1.0720 -0.0101 1.1841 -2.0531 -0.5624 1.5107
-0.0940 0.7834 -0.5870 -0.8086 -0.9711 -0.3184
-1.1081 -0.2964 -1.0262 -1.3013 2.2434 -0.4246
-0.9459 0.3347 -0.4603 2.7138 -1.1749 -1.9248
2.1287 0.0807 -0.1370 0.1834 1.7435 -0.4517
-1.3235 0.0781 -1.1191 -0.5315 -0.8092 -0.4891
1.2206 0.6516 1.9271 1.5928 -0.1624 -2.2939
-0.5461 -0.8968 0.4052 1.8903 0.6622 0.4767
-0.9748 0.6787 -0.5138 0.1883 1.4654 0.1060
0.4579 1.0752 -0.0606 1.8907 0.3677 0.3181
-0.1108 1.0757 -0.5202 -1.4456 -0.7880 1.0061
0.5429 -0.4585 1.3143 1.3213 0.9243 -0.4168
0.9583 0.6942 0.5575 2.5706 -0.0160 -1.3877
-0.8027 -0.6775 0.4151 0.8346 -0.1225 -0.3862
-0.8402 -0.2125 -1.1217 0.6025 -0.3738 0.1489
-0.9950 -0.7621 0.2614 -0.4406 -1.2128 -0.0917
-1.4769 1.4259 0.3932 -0.3658 1.0974 1.1081
2.9439 -1.7628 1.1556 -0.4356 -0.6880 0.8371
-0.5903 0.2751 0.3495 -0.4678 0.1158 0.8135
0.5604 -1.0856 -1.0517 -0.3122 -1.7248 -1.7531
-1.7122 0.1717 -1.4043 -1.3105 0.7357 0.9605
1.5084 -2.0040 0.4399 -0.1504 -0.1198 0.8203
-0.3078 -0.1053 -0.1480 1.0007 -0.9006 -0.3316
1.8478 -0.7418 0.4213 0.2178 -0.9226 0.3341
-0.1133 -0.3916 -0.3490 -1.0675 1.4117 0.7216
-0.8909 1.4928 -0.5091 -0.3869 1.1198 0.5031
-0.1214 -0.5753 -0.4007 0.6926 -0.8963 2.1994
-2.0910 2.4944 0.4608 0.2518 -1.0237 0.6733
-0.0182 0.7298 -0.7354 0.1430 0.4028 0.0072
0.0530 0.9302 -0.4958 -0.8928 1.5568 0.8538
0.1028 -1.3762 -1.0065 0.3326 -0.8322 1.8451
1.1996 -1.0665 -0.3905 -0.3471 0.3512 0.2479
2.2647 0.7334 -1.6012 -0.2513 -2.4814 -0.1933
0.6226 0.6857 -0.1954 -1.1532 -0.1523 0.6431
0.6905 -1.5546 -1.1193 0.1552 -0.0145 -0.7680
-0.0148 -0.9947 -0.2551 -0.6838 1.3110 -2.0165
0.5699 1.3687 -1.1735 -0.6876 0.4628 0.6506
-0.0351 -0.5895 -2.0349 -0.3790 0.6949 -0.2176
-1.4499 -0.2289 -0.4848 1.0065 -1.0577 0.9245
-0.2925 -0.6810 -1.1831 -1.2439 -0.6092 0.7874
0.0231 -1.5786 -0.4013 -2.1640 0.5645 1.6312
0.8888 0.1896 -1.0690 0.6996 -0.4265 0.2789
-1.2147 1.2507 0.1777 0.2026 0.0651 1.8740
-0.8720 2.5331 1.4331 1.4703 0.8406 -0.5099
0.4245 0.5277 1.2808 0.2475 1.6067 -0.3922
1.1926 -0.9119 -1.1514 -1.0230 -0.0102 1.5379
-0.5726 -1.0955 -0.0151 -0.8407 -0.1422 0.7603
1.7261 -0.4566 1.0278 -0.0718 -1.1998 0.3866
0.4795 -0.5802 0.4004 1.0117 -1.3278 -0.2294
-1.7941 0.7853 0.1490 0.3374 -0.1251 -1.3673
-2.0281 -0.9127 -0.4767 -0.2144 -0.7151 -0.3276
-1.4172 -0.1683 1.3222 0.4724 0.5128 0.6176
-0.2720 1.8074 1.0440 -1.1171 1.8334 -1.5458
-0.0213 -2.2824 1.7690 -0.0666 -0.1380 -0.0680
-1.3319 -0.7698 0.7305 -0.4862 0.5591 -0.9952
0.7671 0.7486 -0.9363 -0.1416 -0.1174 -1.4088
-0.4209 0.4290 0.0220 0.0195 0.8652 -0.7782
-0.7531 0.0263 -0.4535 0.3175 0.8418 -0.1828
-2.5576 -0.2131 0.5007 -0.2356 -1.6747 0.8027
-0.3202 -0.2269 -0.0856 0.5597 1.3940 1.1692
-0.4442 -0.6989 -0.9430 1.4937 3.0815 -0.3584
-0.6773 -0.0272 -0.6341 0.0071 0.4537 -0.7178
0.9193 0.6054 -0.4000 2.2211 0.2408 1.3227
-0.8500 0.4258 0.6874 1.7240 0.2768 -0.6162
-0.9483 1.4027 0.3747 1.0635 0.4128 0.7472
-0.7173 2.6919 0.1586 1.2819 -0.4744 0.0726
1.5443 -0.5250 0.3989 -0.6685 0.8315 -0.6963
0.9165 -0.4807 -1.2154 -0.4764 0.3127 0.0642
1.7263 0.2986 -0.3337 0.2229 0.2379 0.5284
0.3474 -0.4660 -0.5406 0.7545 -0.0020 -1.1779
0.8717 0.1967 -0.7012 0.0038 -0.3944 -0.1944
0.9478 2.2919 1.3990 -1.3719 0.3194 -0.2426
-1.4889 1.3378 -1.0608 -2.7291 -0.4380 0.1883
-0.9479 0.0963 -1.3083 -1.4822 -1.6755 -0.8444
2.4992 -0.1064 0.8253 1.0481 -0.2048 -0.0520
-1.0660 -0.8747 1.5092 0.9517 0.4992 -2.1517
1.7908 0.0837 0.3704 1.4701 -0.0690 0.1849
1.3486 0.2502 -0.0775 0.8592 -0.8960 1.5265
0.6896 -1.7153 -0.3977 -1.5553 0.0334 -0.6853
-0.2656 -1.1106 -2.7239 0.7324 -0.3916 0.6164
-0.2886 0.2815 0.7420 0.2865 0.3748 0.2630
-0.1942 -1.1734 1.9966 -1.5762 1.4406 -0.6207
-0.7088 0.6159 0.7343 0.2633 -1.1264 -0.2705
-0.2804 -0.7376 -0.5455 0.7738 0.7218 -0.1752
1.1133 0.7065 0.6135 -0.4662 0.9453 0.5496
0.2991 1.2350 0.1047 -0.1389 0.3110 -0.7945
-0.1131 0.7726 -0.5841 0.0036 -1.1141 0.3429
-1.7766 0.5678 -1.5034 -0.1297 0.3497 -0.4137
0.1751 -1.6136 0.7920 0.1119 -1.9864 -0.9521
0.7416 -0.4918 -0.0080 0.4334 2.4401 0.6759
0.4829 -0.2956 1.1910 -0.2107 0.0096 -1.0303
-0.0033 -0.4013 -0.3546 -0.0607 1.0729 -0.6147
1.5050 -0.5392 -1.3878 -0.7375 -0.1927 0.1912
0.5271 -0.8645 -0.4302 -1.0048 0.5713 -1.0668
0.6081 1.2672 -0.6913 -0.5862 2.3684 0.8708
0.0636 1.0317 -0.1758 -1.2407 1.3973 0.9373
0.8892 0.5490 -2.0893 0.8503 0.0124 -0.6262
0.5540 1.1740 -0.0276 0.7279 -0.0702 0.1174
0.9976 -0.0370 0.0911 -0.1769 1.3669 -1.2090
1.0482 0.4070 1.0102 0.5529 -0.1298 1.6536
0.1831 0.9177 0.0231 1.3395 -2.3124 0.9771
1.0662 0.7555 1.1321 -1.0542 0.1535 0.5282
2.9493 0.1174 0.3873 0.0832 1.3246 0.5556
0.4489 -0.6074 0.1375 1.0102 0.5367 0.1411
-1.1265 -0.8490 0.9612 1.5588 -0.4759 0.1071
-0.2206 0.3303 -0.8150 -0.3396 -0.3047 0.8512
1.2025 -0.6735 -1.8103 0.7451 -1.3978 0.1434
-2.2065 0.6600 0.1196 -0.4324 0.1701 -1.2063
0.6910 -0.8873 0.6289 -1.6170 -0.0929 0.0950
-0.8301 1.5179 1.3092 0.4606 0.5354 0.2573
0.1905 0.3209 0.4287 1.1086 0.3078 -0.6050
-0.2720 -0.8227 0.4867 -0.6492 -0.0368 1.3605
0.1927 1.1821 -1.8305 0.4375 -0.0310 0.7258
-0.5733 0.9283 -1.1365 -0.4530 -0.5100 0.6715
0.8822 1.6358 0.4303 0.5750 -0.7124 1.2763
1.5828 -0.3881 -0.1516 1.3241 0.7442 0.3616
1.5051 -0.2010 -0.7162 1.0473 2.8611 1.3741
-1.4487 -0.6234 0.5756 -0.8698 1.4929 -0.0109
0.0521 -0.4740 0.2713 -0.1397 0.2630 -1.3513
-2.2156 0.9590 -0.4603 -0.9192 0.1708 2.1953
1.0064 -0.3302 0.0007 1.2204 1.1159 0.9030
1.3150 -0.0516 -1.7296 -0.7083 -0.9020 0.9554
0.5539 -0.5145 0.2740 0.2344 -0.0008 1.0449
0.4499 1.6060 1.7228 -0.3837 0.0847 -0.3624
-1.6135 -0.1532 -1.2279 -1.3123 -1.1795 0.0844
-0.4184 -0.3437 -0.0202 0.6801 0.1015 0.9260
-1.3357 0.1369 -0.3197 -0.8234 -1.7002 0.1446
1.5737 -1.9595 -0.5881 -1.5439 -0.1186 -0.4628
0.9197 0.8433 -0.0268 -0.3917 0.1519 0.6946
-0.4874 -0.1214 0.0718 -1.1657 -1.4837 1.5385
0.0677 2.2178 0.6363 -2.0522 -0.7587 -0.5536
2.8809 0.0344 -1.6480 -0.5852 -0.7450 0.3172
-0.7436 -1.1309 1.1252 0.8374 -1.7012 -1.1618
-1.5602 0.9650 -0.0920 0.7611 0.0109 2.3459
0.1710 1.1106 1.3113 -1.3133 0.6518 -0.1498
2.0318 -0.1889 0.9780 1.0677 -0.0650 -0.1335
0.7775 2.5330 1.2019 -0.6002 -0.9879 -0.0292
-0.1113 -0.2038 0.6026 0.4327 -0.0242 -0.6709
0.4173 0.9900 1.0453 1.0960 0.2639 0.6096
-0.5472 -1.6021 1.2900 0.7368 0.5621 -0.0251
-0.3518 0.7605 -0.0705 -1.1646 1.6736 -1.4627
1.4844 -1.4526 -0.3344 -1.5471 -0.6772 -0.7975
0.8014 0.2061 0.2869 -0.6534 -1.5556 -1.2382
-1.6350 -0.7749 0.4941 0.2196 0.0670 2.1374
-0.6062 -0.7579 -1.4447 -0.0901 -1.1830 -0.7598
1.6312 -0.7069 0.9676 -0.6996 1.6980 -0.7180
0.3201 -0.0790 2.0283 -0.3886 -0.1999 1.6815
-0.7553 2.7685 -1.5935 1.9255 -1.3151 -0.5900
0.3130 0.6193 -1.2145 -0.6424 -0.3691 0.6670
1.1121 0.5263 0.5280 -1.2492 0.0041 -2.3328
-0.8247 0.5380 -0.9848 0.9076 -0.5568 0.3777
1.1428 0.1283 0.3751 0.3384 1.0273 1.0416
0.0110 1.1316 -0.2468 1.2038 -0.8537 -0.5791
0.5549 -0.0120 -0.4956 1.6259 0.8547 1.5419
-1.2899 0.5142 0.4642 -1.0129 -1.6121 -0.9158
-0.5939 -0.7525 -0.7980 -0.7684 -0.8113 0.2188
-0.9054 -0.7535 1.0783 0.7920 -0.4197 -1.0792
-0.9072 0.7869 0.0125 1.8253 0.4106 1.0600
0.5217 0.4844 0.9991 -0.3488 -0.5559 -0.2105
-0.9925 0.2264 0.0325 0.1188 0.2093 -1.3247
1.4952 -0.1322 0.3372 -0.2632 -0.9173 0.5640
-0.5132 -1.1887 1.9900 0.5799 -0.7044 -0.2403
-1.3852 -1.0020 -0.4182 0.0362 3.3242 0.1689
2.2519 -1.0000 -0.5429 0.6730 2.1656 1.6407
-0.3802 1.2012 -0.3095 0.1783 0.4625 0.0596
-0.0925 -2.2010 2.2432 1.6068 0.4848 1.7787
-0.4140 -0.6663 0.6136 0.5793 -1.2449 0.6777
0.5729 0.4798 -0.6492 -0.5932 -0.6362 0.5622
-1.6737 -0.3765 1.0865 -1.1677 -1.3257 -1.1411
-0.3639 -0.0951 -1.0808 -1.2808 1.4170 0.5513
-1.5121 -1.0435 1.2990 2.0786 0.8622 0.2391
-0.6494 1.6804 -0.3332 1.3923 -0.9238 0.0415
-0.7689 1.6261 0.9847 -0.7013 -0.4844 0.0205
1.6541 -0.3289 -1.3098 -0.2283 1.0694 -0.7597
-0.1079 0.3537 1.6410 1.4053 -0.2159 -1.0262
0.7150 0.6087 0.1977 0.3142 0.0322 -0.5950
-0.9154 -0.3313 -0.2915 1.3274 -1.8715 0.2034
0.4670 0.6401 -1.4674 0.7157 0.1485 -0.4868
1.4425 -0.6675 -0.3507 -0.4492 0.7195 1.7112
-0.7522 -1.0612 0.3963 -0.0934 1.2066 1.1132
-0.2161 1.6573 -0.0292 0.3395 -0.6336 0.6338
-0.2581 -0.6266 1.3414 -0.1356 -0.9896 0.3983
0.5788 -0.2692 0.4862 0.5893 -1.1569 -0.1326
-0.2365 0.4610 0.6755 0.6057 0.8747 0.8604
-0.2192 0.0419 1.8491 -0.9262 -0.0177 -0.0119
-0.5764 0.1765 0.3701 -0.6913 0.9912 -0.5166
-0.8289 -0.5584 0.1349 -1.0811 1.5112 -0.6227
-2.2370 -0.3843 0.0580 0.4370 1.5875 -1.6503
0.0945 0.4743 1.1757 -0.5640 0.7299 -0.4849
1.0180 1.1162 -0.1766 -0.0172 2.1632 -0.6544
-1.2886 0.4738 -0.6969 -0.9365 0.4990 1.8460
0.5243 0.1893 0.7084 -1.6456 -0.8254 -0.2376
0.8647 -0.3998 -0.6723 -0.7589 0.1237 0.2751
-2.2469 0.4851 -1.4274 -0.1337 -0.4037 0.6550
0.8310 0.2255 -1.6585 -0.8050 -0.8623 1.2937
0.1730 1.4088 1.1563 0.4444 0.1275 0.1716
0.4910 -2.2224 -1.3328 -0.5257 -0.0445 0.8873
1.1204 0.2023 -1.8343 -0.4361 0.7308 0.6457
-0.0828 0.3536 0.3107 0.5011 -1.3422 1.0022
0.3120 0.0359 1.3149 -0.7018 0.7132 -0.9483
-0.1002 0.9790 -0.8580 0.0631 -0.0793 0.1251
0.9723 -0.1711 -0.5618 -0.1349 0.1817 -0.0530
0.9494 0.2693 1.0982 -0.2111 -1.8358 -0.2147
-1.1425 0.8213 -0.0301 0.0656 0.5499 -0.0627
1.9347 -0.1110 -0.0305 -0.4201 0.3998 0.7881
0.1806 -0.1765 0.3591 0.1868 -0.3298 -2.4485
0.2097 1.0557 0.5185 0.5808 0.7916 -1.1952
-0.2838 0.3228 -1.5165 -0.6450 0.6003 -0.5133
-0.3093 1.0587 -0.0458 1.1626 -0.9918 -0.2996
-0.4154 -0.3643 1.0600 1.6669 -0.0267 0.8293
-0.9597 -0.0275 -0.6955 -0.2960 -2.8084 -0.4196
-0.0709 -0.3223 -1.1158 1.7365 -0.9867 1.7560
0.0256 -0.5363 0.4165 -0.2360 0.7751 -0.7339
-0.4945 -2.0546 0.3080 0.5821 0.5569 -1.2382
0.9617 0.0709 -1.0881 1.2832 0.3879 1.7110
-0.4271 -2.1733 0.3400 -0.1650 -1.0805 -0.0715
1.7296 1.3393 0.2368 -0.6204 -1.6355 -0.7127
-0.2707 -2.0241 1.0152 0.5057 0.4305 2.2952
0.7046 0.0271 0.3737 1.0105 1.2896 -0.3389
2.1251 0.5339 -0.7118 -0.6630 0.5369 -0.2243
1.8258 -2.0750 -0.0212 0.5058 1.0848 0.7450
-0.1985 0.9173 1.3566 -0.7274 0.1965 0.2622
1.5814 -0.0339 0.4998 -0.4251 0.8455 0.6997
0.7847 1.9486 1.0141 -2.1682 -0.2104 -1.6891
-0.5159 -0.3893 -1.5313 -1.9804 -1.0669 0.0138
-1.1592 0.6238 -0.4017 2.0649 -0.2055 -1.4029
-0.5169 0.9048 -0.9285 1.9912 0.1430 1.5163
0.1556 -0.1309 1.2767 0.5228 -0.4655 -0.0534
-0.8957 -0.6472 1.1820 -2.0350 -0.1251 2.1302
0.3369 -0.5672 0.5039 0.3016 -1.1709 -1.3149
0.3722 -1.2611 -0.8353 -1.2245 -0.8984 -0.4376
1.0565 1.1079 -1.2910 1.5271 0.6577 0.5166
-1.7010 1.1043 -0.6126 1.6710 -1.2320 0.6745
-0.5091 -0.1571 1.3603 -1.0228 -0.0641 -0.6865
-0.1907 -0.0998 1.4582 -0.3305 -0.1910 0.6811
-0.4435 0.0651 -0.3672 0.3420 1.0102 0.1466
0.9671 -0.1466 -0.2612 3.2119 1.1268 -0.1002
-0.6060 -0.3942 0.8557 -0.8217 -2.2457 1.3197
-0.0530 -0.2414 0.5850 -1.5182 0.1303 0.3209
2.1102 -0.2701 -0.9686 0.7490 -0.6627 1.1241
-1.7377 -0.1085 -0.0130 -0.8477 0.1909 0.2058
0.3643 0.6507 -0.4392 -1.3663 0.7052 -0.9949
0.2919 0.6596 -0.0404 1.3693 0.0108 -1.2507
0.2677 1.2021 0.3270 -1.4229 -0.1715 -0.2714
-0.0098 -0.6844 0.0385 -0.1878 0.0433 -0.8088
-1.2328 -0.6191 -0.9541 0.4706 1.3369 -0.6298
1.8936 -0.0080 -0.6727 0.5531 0.8528 -1.1591
-0.1001 0.2525 -0.0613 0.3499 0.5178 -1.5159
-1.6942 1.2405 -1.4661 0.7495 -0.1965 0.4803
-1.7764 -0.9508 1.7294 0.9553 -0.5330 -2.2579
1.3188 -0.9569 0.7768 -2.1447 -0.4231 0.0402
0.4845 -0.6761 -0.5478 -1.0248 0.5569 -0.7393
0.5154 -1.9592 0.1850 1.2866 1.0886 0.4141
0.7315 0.5628 -0.0918 1.5763 -0.7372 -1.2007
-1.0618 0.3129 2.2128 -0.2092 0.3152 -0.4788
-0.2479 2.3430 0.2701 0.7139 -0.0503 1.0967
0.3148 0.3910 -1.8572 0.1265 0.1483 -0.6272
0.0632 -0.1536 0.4867 -0.3094 -0.4961 0.3284
0.4490 -0.1333 -0.4561 0.2558 -0.0196 1.2700
-0.3562 0.3867 -1.5239 0.7757 1.1480 2.6172
0.4443 -0.5368 -0.2499 0.8831 0.7693 1.4675
0.2450 1.3462 0.3644 0.3080 0.6588 0.0544
1.6582 -0.3976 -0.7267 1.0771 -0.7407 -0.6987
-0.7075 2.4911 -1.0264 -0.1411 -1.3324 -0.8511
0.3689 -0.0158 -0.1998 -1.7215 -0.5533 -0.5567
1.9859 0.9502 -0.0011 0.8358 -0.8208 1.2097
2.1634 -0.1867 1.1529 0.3072 -1.1567 0.8007
0.3625 1.2894 0.2499 -0.5717 1.6166 0.3719
-1.2625 -1.0165 0.0541 0.0236 0.8792 1.6395
-0.4921 1.4411 -0.9736 0.8999 0.4245 -0.4027
-0.0390 0.9025 0.2417 0.1800 -1.3530 -0.7388
-0.2797 1.3264 -0.8446 -0.8878 -0.9400 -0.8245
-0.1934 -0.6440 0.2023 0.9004 -1.5306 0.1691
0.4920 -0.6987 0.0634 -0.4473 -0.3244 2.2097
-1.0407 1.3602 1.3079 0.1659 -1.3169 -1.0392
-0.3180 -0.2513 -1.0377 0.4215 -1.7092 0.8453
1.2010 0.2298 -0.1798 -0.5613 0.4162 0.6402
0.3968 0.1839 -0.3866 0.1437 -0.5516 -0.1799
-0.0924 0.8223 0.1960 -1.0042 -0.4862 -0.9825
-1.7373 0.5811 0.2634 -0.7490 0.8470 0.9271
-0.8304 0.8030 1.6356 -0.2729 -1.2575 1.6263
-0.0474 0.9225 1.0516 1.1591 0.0593 0.7255
-0.8259 0.9699 -0.2732 0.2575 -0.8448 0.6170
0.2141 -0.0087 0.5844 1.9066 -1.2867 0.5198
-1.4672 -0.0903 -1.4364 -0.5590 -0.7878 1.3387
0.5070 0.1492 -0.0766 0.4182 0.9742 -0.0590
1.6247 0.8340 -0.2036 0.6969 0.8118 -0.6891
-1.2228 -0.0204 -1.1394 0.0339 -1.9382 -1.4215
2.2296 -1.0180 0.1426 0.1713 0.6274 -0.1764
-0.8385 -1.1406 0.4537 -0.2210 1.8879 0.2491
0.1449 -0.1443 -0.0469 1.0709 0.0674 1.4340
0.7186 0.3083 -0.9987 0.3262 -0.9692 -0.3856
-0.6631 1.5566 -1.0129 -0.3038 0.8743 -0.7579
-0.4403 1.6508 -1.2451 1.0807 -0.7255 0.3303
0.7791 1.5146 -1.6941 -0.3591 -1.2002 -1.7102
0.9596 -0.4866 -0.3811 -1.2719 -1.4891 -2.3136
-0.7866 0.0029 -0.1971 1.1850 0.3717 -1.9300
-0.2582 -0.8058 0.0925 0.8128 -0.6379 -0.3499
-0.3663 -1.9101 -0.0295 -1.3814 1.0441 0.2928
0.1662 -0.8656 1.5558 1.4362 -0.2338 -0.4068
0.6461 -0.3231 0.4533 0.4822 -0.6175 -0.9717
0.3985 2.4075 -1.5138 -1.9518 -0.5856 1.3962
-0.5045 0.3577 0.7864 1.7308 -2.6622 0.4749
1.1405 -0.7712 0.0106 1.6515 -1.0825 0.1541
0.8145 -0.1001 -0.7648 -1.1934 -0.2979 0.7837
0.0001 0.2869 -1.0987 -0.3684 0.6256 -0.9844
-0.5298 0.3280 1.8569 0.8104 0.9149 -0.4151
-0.4721 0.2041 0.1586 0.3162 0.2017 -0.4271
-0.8939 0.2309 0.8220 0.6934 0.6207 -0.1925
-0.1222 -1.4614 0.7758 -0.6319 -0.0977 1.3804
-1.8280 0.5172 -1.4321 1.0890 -1.4985 -1.1823
-1.3023 0.9484 2.6596 0.1863 -0.3376 0.0348
0.6176 2.0294 -0.6489 0.4415 2.2021 0.3341
-0.0868 0.6350 0.4935 0.3216 0.7439 2.0344
0.0957 0.2347 0.3484 -0.3808 1.1705 -1.5081
0.5316 0.3193 -1.5527 0.7116 1.1387 1.6762
0.6184 -2.8373 -0.5909 0.0141 0.9414 1.2769
0.7990 -0.0562 -0.9625 0.5256 0.0098 -0.9531
-1.0563 0.0547 -1.1533 -1.9977 -0.8661 1.0682
0.8720 -0.8808 -0.5674 2.6645 0.5228 -0.5183
0.3613 0.1894 -1.4542 1.0675 -0.1703 -0.8986
-1.0856 -0.8515 0.4446 -0.3209 -0.0248 -0.0412
-0.0620 0.5587 0.5826 -1.0392 -0.0618 -0.7309
-1.0441 1.2101 -0.0075 1.7280 1.3021 -0.6700
0.4821 0.1337 0.4041 0.3931 2.4141 0.2337
0.8793 -0.8896 -2.0664 0.2454 0.2994 -0.8150
0.5420 -0.1314 0.4094 0.6151 0.8887 2.0205
0.0118 -1.6005 -0.1800 -0.7251 0.1872 -1.1538
-0.3127 0.1503 -0.5611 1.7192 -0.7637 -0.6798
0.2130 -0.8651 0.1684 1.1365 -1.8787 1.4529
0.7220 2.0948 0.9653 1.2085 -0.4405 1.1167
-0.4070 -1.8922 0.6578 -0.3256 1.3055 0.0777
0.0574 -1.3176 1.6306 0.5136 -1.0194 -0.4284
-0.4726 -0.8925 -0.5432 -1.7651 -0.1742 -0.9668
0.2803 -0.0254 -0.0252 -0.1643 0.6381 -1.1040
-1.8870 0.7095 1.1585 1.0140 0.6644 -0.2553
-0.3928 -0.1874 1.4770 0.4040 -1.4416 0.9247
0.5688 -0.2880 -0.2194 1.0553 -0.9929 -0.7141
1.6884 0.0359 -0.2771 -0.8468 0.7249 -1.5719
-1.5529 -0.5210 0.9000 0.0587 -1.1895 -1.1716
0.6317 -0.3256 -0.8443 0.7040 -0.7176 0.6047
0.4223 -0.3575 -2.2645 1.1437 0.2059 -1.1942
0.0862 1.1562 0.4344 -0.7265 -0.3069 1.0830
-1.0010 -2.5584 -0.8764 0.5081 -1.9067 -0.7306
-1.3134 -1.5519 -0.6829 0.2331 -1.5081 -0.9680
-0.6037 1.7362 -1.6416 0.1268 -2.0434 -2.5345
1.3718 -2.4197 -1.5248 0.5839 2.5962 0.3985
-0.0967 -0.1537 -0.8050 0.0739 -0.4400 0.0543
0.8698 -1.0100 2.2522 -0.2388 -0.2654 0.1802
0.5763 0.8268 -0.5485 0.8626 -1.2529 -0.8818
-0.0967 0.5910 -0.0647 -0.6855 -0.8004 -1.6870
1.2622 -0.9127 -2.0516 0.2736 1.4074 -0.0808
-2.2999 -0.6841 1.4183 0.1957 1.7770 -0.2891
1.8284 -0.2676 0.4073 -0.2649 -0.5478 1.1771
0.6665 0.3821 -0.5259 1.2451 0.9948 -0.6069
-0.7684 -0.6448 0.7262 -0.8804 0.2154 0.6755
0.7152 0.2931 0.9591 -0.1186 -0.4692 1.1048
0.9337 0.0005 0.4450 -0.1553 -0.9444 -1.4521
-2.0386 0.3961 -2.6465 0.7691 0.4764 1.1352
0.1533 -0.4187 -0.5953 0.1356 0.0257 2.0704
0.2667 0.9080 -0.1961 0.4345 -0.6795 0.7053
0.3560 -0.5829 0.1271 1.4009 -1.5794 0.5981
-0.5780 -0.3023 -0.5374 -1.2088 -0.3232 -1.4286
0.1699 1.6170 0.8613 -0.7811 1.3046 1.8571
-1.6855 -0.2242 -0.8237 -0.8183 -0.2571 0.1777
-1.0094 -1.3587 -1.1205 -0.1727 -2.3089 0.0896
-1.2466 1.3500 -1.0942 -0.2107 -1.7967 2.1305
-0.6872 1.5455 -1.7719 -0.3822 1.4301 -1.0028
0.0457 -1.3724 -0.9766 0.6404 1.6564 0.9953
1.2213 -0.9756 0.7845 0.0255 0.6192 -0.9457
0.2902 1.6172 -0.9214 0.4853 -0.0791 1.0741
0.9706 -0.8312 -0.7463 0.3496 -0.0619 -0.9671
-0.4358 -0.0446 -2.2979 0.0336 0.4226 0.0590
1.0346 -0.1130 0.7524 0.9796 -0.2784 -0.4002
0.7515 0.2409 1.1827 0.9320 0.3195 -0.9046
-1.9724 0.1498 -1.2355 0.3677 -0.4822 -0.5887
-1.1374 0.0676 0.0536 -0.9116 -1.0529 -2.6048
0.8172 0.7368 0.8509 -0.9996 -0.1368 -0.5445
-0.0764 -0.5864 0.1967 -0.4250 -0.4043 1.3590
-0.1786 -0.4791 -0.1559 -2.0533 -0.9427 0.1788
-0.5782 2.5271 -0.3166 0.2865 0.3405 -0.5012
1.7845 -1.6242 1.3639 -0.3520 0.7577 0.5565
-0.8133 0.1032 -0.9568 -0.4839 0.8642 0.9862
0.8314 0.2012 -0.4720 0.6536 -1.1917 -0.5661
0.6590 -1.0789 -0.5539 -1.1026 0.8347 0.5999
0.5787 0.6514 0.4121 -1.3254 -2.6907 0.8327
-0.0601 -0.7580 0.2233 -0.3529 -0.5619 1.9164
-0.3316 0.9535 0.7947 0.4680 -0.6082 0.6051
-0.9984 -1.1537 0.1480 -1.0330 1.2218 0.8318
1.0694 2.2563 0.9250 -0.3998 -0.1782 -2.2639
-0.5066 -1.6690 0.3699 -0.0475 -1.5153 1.0416
0.5549 1.4574 1.3034 -0.2218 1.3774 0.6164
-0.8093 1.1556 0.7116 -2.3549 -0.1699 1.4806
-0.8942 -1.8232 0.1275 0.3201 -0.2863 -0.5745
-0.2377 -1.9243 0.6308 0.4447 0.6833 0.3162
-1.0770 -1.2063 0.1099 -0.4656 -0.2601 -0.5773
0.6866 -0.7281 0.3528 -1.3496 -1.0010 1.0795
-0.0942 0.4557 1.6631 2.7783 -0.5360 -1.2157
0.4044 -0.7318 -0.1473 -1.6356 1.3223 -0.3202
-0.9530 -0.3278 0.6079 -0.5642 -0.8410 0.5795
-0.1303 -0.5491 -0.4659 -2.9940 -1.6147 -0.6728
0.5909 -0.8638 0.0350 0.8034 -3.1465 0.0474
-0.3313 -0.3992 0.4985 -0.3012 -0.5032 2.3839
-0.0655 -0.7209 -0.2194 -1.1212 -0.3232 -0.0745
-0.3833 0.3527 -1.2691 -0.4545 -0.7046 0.5807
1.6793 -0.8177 0.0726 1.0224 -1.6471 1.3102
0.7137 -0.1419 -0.2906 1.1849 -1.5669 -1.0177
0.5678 0.9290 0.5604 0.2448 1.4364 0.5269
0.2041 -1.0615 0.0986 2.3490 0.7825 -1.0332
-0.0446 -0.3933 0.6345 -0.2345 -0.2973 2.2448
0.1846 -0.2772 -0.9879 0.1052 0.6163 0.6637
-0.2335 0.2362 -0.1773 -0.9201 1.6937 1.1334
1.8817 -0.0540 0.7461 0.0924 0.9853 1.2428
-0.8345 0.3844 -0.1239 0.3895 0.2584 0.7483
0.7755 -1.7155 0.0520 -1.6922 1.4938 -0.1394
1.0124 -0.3448 2.1927 -1.7573 2.2436 0.4481
-0.1161 -0.6943 0.8568 1.0721 0.5463 0.9186
-1.3141 0.1619 1.2823 -1.5235 -1.0435 1.8203
0.0933 0.3267 -0.6792 2.1859 1.5150 -0.9575
-2.8594 0.6281 -0.7973 0.8168 0.2277 0.2007
-0.0313 -1.2128 -1.5234 -0.4312 -1.1752 -0.6180
1.7726 -1.0114 0.0571 -0.4515 2.1498 0.6692
-0.2439 -0.6938 -0.6947 0.6805 0.1175 -1.1696
0.4438 -0.1641 2.5051 0.3104 -1.1173 1.1315
-1.0378 0.8266 -1.0046 -0.8798 -0.2520 1.1485
0.7664 -1.0111 -0.0246 -0.0423 -0.7873 -1.9789
0.7196 -0.6374 -0.2841 1.1450 -2.6382 -0.5201
-1.4645 -0.8211 -0.1251 2.3443 0.6060 0.9490
-1.6631 0.9283 -0.2227 -0.9067 0.3285 -0.0619
-0.2118 1.5616 -1.0039 -0.0900 0.4707 0.7655
-0.2066 1.3763 -0.8457 -1.9817 0.4811 1.8292
-0.2283 -1.6873 -0.5466 0.5625 0.1374 -0.4013
0.2609 0.9287 -1.6363 0.9711 -0.1495 -1.2794
0.0392 -1.1434 -0.9619 -1.5383 -0.7839 -0.4819
-0.3496 0.1452 0.2076 0.8729 -0.2704 0.3549
0.9428 -1.7135 -0.5819 0.7841 -2.1031 0.2980
0.3735 0.9042 0.0011 0.3448 1.4480 -0.9022
0.7977 -0.7348 1.0255 -0.7239 -0.3235 0.8760
0.6318 0.9257 -1.0890 -0.3888 0.9193 0.2786
0.8929 -1.3925 0.5717 0.7802 0.0637 -0.3449
1.3629 0.4374 0.8255 1.0188 1.1539 -1.3638
-1.7506 0.2631 -0.3400 -0.0980 -1.6427 0.9469
-1.6764 0.2746 0.7296 0.9574 0.5709 -0.8816
-0.3495 0.9712 -1.0006 1.3182 0.2893 0.0423
0.3974 -0.2875 -0.3118 0.2256 0.1268 1.4339
-1.0411 -0.6313 -1.6203 -0.4975 0.7682 1.0882
-0.1154 1.1050 1.1397 -0.8571 0.5795 -2.3001
0.7301 -0.7777 -0.2203 0.2869 -0.6781 0.3353
0.2903 0.3130 3.7805 -1.1149 -0.1505 1.2189
0.5419 0.8691 -0.9757 -2.3691 -0.3607 0.6965
-0.8928 0.4433 -0.4730 0.6131 -0.9715 1.7852
-0.7508 -0.1626 -2.1441 -1.0488 0.0637 0.6221
1.7090 1.6713 2.0885 -1.0693 0.5196 0.1951
-1.2540 -1.0109 0.0487 0.8056 -1.3118 0.1709
-0.1835 -0.0664 0.1823 -0.7200 0.0188 0.9023
0.2467 0.1086 -0.8982 0.7043 -0.5872 -2.0756
-1.2164 -0.3171 1.2959 1.4810 -0.4283 0.8735
0.8501 0.5348 0.2560 -0.1289 0.2529 -0.2826
1.1544 1.3197 -0.2534 1.4489 -0.1371 -0.1948
-0.4409 -0.8982 0.4916 -0.4976 -0.5382 -1.5003
0.1694 -0.9381 -0.4525 1.9780 -0.8703 0.0372
1.0445 -0.2438 1.5776 1.0547 -0.0061 -0.7560
-1.6746 -0.0059 0.5637 0.5491 -1.1138 0.1502
-0.8444 -1.4896 0.8103 1.0578 -0.4214 -0.2703
-0.6351 -0.2325 1.8829 0.4539 -0.0806 -0.2002
-1.6541 0.0101 -0.1303 -0.0575 1.0443 0.2645
-1.3706 2.4055 0.3931 -1.2843 -0.9047 -2.1317
-0.8599 -0.7190 1.3235 -0.9431 0.5723 -1.4721
2.6495 -0.6312 0.2584 0.3875 0.4235 1.7027
0.4118 -0.7856 0.1730 1.3991 -1.1422 1.3070
-0.4429 0.2279 -0.1635 0.6070 2.3841 -0.1211
0.9732 0.6299 -0.6305 -0.4955 0.2623 -1.6713
-2.3530 -0.5342 -0.5310 -1.2146 -0.9807 0.4638
-0.5419 -0.1174 -2.3478 -1.2033 0.4209 -0.0797
-1.2921 -0.6775 -0.0445 -0.5287 -0.6037 -0.9393
0.6395 1.6425 -1.2912 -1.2276 1.1971 2.1354
-0.4475 1.5611 -1.8946 1.5535 -0.8376 -1.4027
-0.2090 -0.9781 -1.7326 1.8407 -0.1065 -1.2211
1.4898 0.8410 -1.3065 -0.8411 -0.7199 -1.6187
-0.9726 -0.8827 -0.0421 -0.9634 -0.5474 -0.0283
-0.2428 -1.3470 0.4365 0.8828 -0.8373 -0.4400
0.0078 -0.5739 1.2271 -0.4948 2.3818 0.7642
-0.6321 0.2122 -1.0228 1.7993 0.8032 -1.5900
-0.4005 0.2704 -1.3103 -0.3324 -0.4763 1.2629
-0.9354 -0.5115 -0.1302 0.6561 -0.0232 -0.9240
-0.3787 1.8195 -0.9735 0.4619 -1.5792 1.2834
0.4192 1.1800 0.2177 0.9863 0.5183 -0.8981
0.6155 -0.2776 -0.0925 0.4602 0.9156 0.6982
0.5204 -1.9555 0.1701 0.1146 1.7632 0.1346
-0.3097 1.4350 0.0785 -0.7504 -1.8205 -0.0403
1.3408 -0.0992 0.0972 1.1722 -1.5103 -1.3232
-0.9631 -0.4402 0.3314 0.1159 0.9452 -1.4511
1.2814 -0.7008 -0.2975 -1.4774 0.1398 -1.4319
1.1650 0.5226 -0.6348 -0.3874 1.7239 -0.1281
-0.6994 1.4314 -0.5919 -0.6325 -0.2811 1.6943
-1.5152 0.0517 0.4180 0.4626 0.2663 0.6740
-0.6895 1.8494 0.7277 -0.9805 1.7000 -0.1932
0.0808 -0.0637 -1.6229 0.8712 -0.2358 -2.1480
1.8186 0.2404 -1.9434 0.1052 0.3276 0.1362
1.3465 0.4707 0.0273 -0.0742 2.0067 1.9122
0.3915 -0.0914 1.5055 -0.0547 -0.2365 -0.0507
-1.4389 1.6094 1.0151 -0.6838 1.0069 0.1420
0.9399 0.8161 0.6589 -1.1402 1.2763 1.3506
0.8626 1.0665 0.3238 -0.7846 1.3485 0.0004
-0.0006 2.3307 -1.0962 0.7383 0.1476 -0.7066
-1.3516 1.0805 -1.4495 1.6335 -0.8810 0.3441
1.1027 -0.4107 1.6409 -0.4154 0.8495 1.4436
0.1183 0.8855 0.2449 -1.5112 0.5603 1.2233
-0.7903 0.3884 -0.0020 0.4576 -0.5687 1.3376
0.3826 2.6709 0.1072 -0.1003 1.1680 0.2400
-0.0439 -0.4675 -0.0749 -1.2034 -0.8085 -0.2468
-0.4891 -0.2536 -0.8230 -1.3906 0.6090 0.2280
-1.4488 1.1019 0.4036 0.8237 -0.5791 1.5401
-0.1297 1.4768 0.0542 1.4061 0.1563 -2.1614
1.5251 0.8249 -1.6524 0.7893 0.0341 0.9455
1.5308 -0.4900 -1.0599 -0.8789 -1.7212 -1.1980
0.1105 -1.0360 0.3340 0.8310 -0.9895 0.9871
-0.6353 -0.7899 -0.3361 -0.6515 0.1895 0.6890
-1.5680 -0.3334 0.7540 -0.3805 0.7606 1.0681
0.9665 -0.9487 0.1590 -0.5946 0.2697 0.4227
-0.7214 0.7066 -0.2937 0.9484 0.0773 0.1114
-0.1226 -1.3383 -0.8383 -0.0962 -1.4940 0.7119
-0.7233 0.7889 -0.3818 0.0713 0.0747 0.9842
0.6590 -1.6163 -0.4884 0.3384 0.7549 0.5635
-1.6102 -1.6005 0.7357 -0.0135 1.1798 -0.8118
-0.0968 1.4099 1.8322 -0.2096 -1.0925 0.2731
0.9553 -1.6056 -1.6553 0.7295 -1.1876 -1.3897
-0.9665 0.1915 -0.2919 -0.4244 -1.5696 -0.5069
0.1519 0.4213 -0.2018 0.9977 0.9739 -0.3519
0.1576 -2.1905 0.6830 -0.1249 -0.1157 -0.3211
-0.8608 -0.9553 -0.3797 1.5032 -0.2413 -0.2670
-1.4679 2.1298 0.5118 -0.3782 1.4291 -1.4124
-1.0778 -0.0258 -1.1140 -0.9899 -0.3211 -0.1582
0.2318 -0.7028 0.7626 1.7715 -1.8670 0.3846
-1.5629 2.3066 2.1411 -0.7671 1.0543 -0.2167
1.4738 0.9024 0.9982 -0.7364 0.4491 2.1363
-1.2659 -0.2851 0.6598 1.1838 -1.2239 0.9644
-1.0620 0.3028 -2.8683 -0.9257 0.6263 0.1107
-1.1343 -0.9385 0.7563 -0.4170 -0.5075 2.0195
0.1557 -0.4663 0.0262 0.9257 0.0665 -0.7294
0.1818 0.0028 -0.4582 1.1069 1.4160 1.7139
0.1410 -0.2339 -1.5603 0.3013 -0.5767 -0.1645
-0.1875 -0.6778 0.1073 0.6183 -0.9958 -1.2408
-0.9382 1.1134 -0.3196 1.0308 -1.4131 0.6096
0.8009 -0.0431 1.3374 -0.4511 0.8125 0.1355
-0.2836 -1.0374 0.0104 -0.1340 -0.6538 -1.0674
-0.6946 1.6178 0.2387 -0.7724 1.3094 0.6563
0.1947 0.8274 0.0439 -0.7755 1.0167 -0.8610
-0.0538 -0.5040 -0.2900 -2.2064 -0.3183 1.2041
-1.6999 0.5041 -1.5234 -1.1810 0.8128 -1.7216
1.0709 0.0125 0.4053 -0.1249 -0.1231 -0.6229
1.1574 1.1571 -0.4980 -1.4168 0.6135 -0.3969
1.2556 -0.2640 1.7406 0.1782 -0.1049 0.6142
-0.4447 0.8687 -1.9889 0.3621 0.0133 2.0636
-0.3666 1.0282 -0.9746 0.4256 1.2222 0.7090
-1.7184 -0.8416 -1.2287 -0.0937 0.5768 -1.2292
-1.6024 0.3835 0.1036 -2.5782 1.4520 -0.1191
-0.5751 -1.2965 0.5987 -1.5496 0.4018 -0.2948
-0.6929 -0.0168 -0.1676 0.0834 1.0128 1.6826
-0.8778 1.8841 -0.5432 0.6732 -1.4667 -1.3073
-0.7194 -0.7062 -0.7027 1.4437 -0.2725 -0.0106
-0.4187 -0.9734 1.4011 -1.7491 -0.1460 1.2595
-1.6156 1.2778 2.2152 -0.2244 0.3327 -2.4933
-0.9291 -2.3363 0.1305 1.0577 -0.0583 0.8395
1.0323 0.4268 0.9124 -0.4136 0.8108 0.0627
-1.0570 1.0857 -2.3230 0.0550 0.4207 -0.0167
2.1039 0.4058 0.1160 -0.6767 1.4834 0.2812
1.5933 1.0448 0.1136 1.1792 0.6557 -1.1664
-1.6426 0.7282 0.8922 -0.8349 -0.7869 -0.8492
-0.8624 0.0551 1.0100 0.3856 0.0781 0.0681
-0.8132 0.0277 0.4797 -1.4423 0.5471 -0.2658
1.7080 0.5855 -1.4891 -0.9095 0.4157 -1.2899
0.0949 2.2389 0.4262 -0.2491 -0.7243 -0.3056
-0.4694 -2.0283 0.7460 0.7705 -0.6245 -0.7026
-0.5831 -1.0711 0.4932 0.0164 0.0110 -0.4340
0.1731 -1.8889 -0.5459 -1.5224 -0.6202 0.7904
-0.3745 1.4846 -0.1859 0.4082 -0.9915 -0.0648
1.3035 -1.1154 0.2790 -1.7174 -1.9042 0.9180
1.1140 -0.9264 0.0032 -1.3068 -1.2628 -1.7346
-0.4469 0.8975 0.2092 0.3900 -1.1248 1.6596
0.1688 0.0354 1.9386 0.7921 -0.0987 1.2621
-0.4591 1.1991 0.6784 2.6806 -0.1979 2.4122
-0.3008 -0.3847 -0.2399 0.4567 0.8921 -0.7658
2.9900 -0.5171 0.3546 0.3974 -0.0480 1.2398
-0.1687 -0.7782 1.5344 -0.8903 -1.3041 0.6060
0.9393 0.4940 -0.0733 -0.2383 0.6737 0.2681
0.2970 0.5486 1.3084 1.9140 0.7164 0.9835
-1.0577 -0.8992 1.3286 1.4113 0.0792 -0.9401
1.6619 -0.5299 0.2395 -2.0977 -0.7667 2.4320
0.3512 1.2158 -2.1704 1.7817 2.1363 -1.1628
-0.6838 -1.5694 -1.4956 1.0724 0.3909 1.9801
-0.3151 0.4497 0.9870 -0.7835 0.0942 -0.4188
0.8743 0.5697 -0.6317 1.3323 0.8695 -1.1917
0.8166 -0.9522 -0.4290 0.1244 0.7411 -1.0534
1.1360 -0.3835 0.9194 -3.8702 -2.0211 1.4079
0.6336 -0.2060 -0.9433 -1.1865 -0.2406 0.5703
0.0381 -2.0979 -1.9516 1.2120 1.8356 -0.1965
-1.6862 1.0489 -1.0746 -0.1910 -0.5597 0.0484
-1.0866 0.7034 0.7540 -0.3396 0.6041 0.9622
-1.1284 0.0279 0.0357 1.2295 -1.4741 0.1171
-0.6364 0.2141 1.1869 -0.9445 2.1640 0.8294
-0.7407 -0.5332 0.2490 -0.1492 -0.0558 -0.2670
-1.8057 0.0311 -1.0547 1.9697 0.4861 -0.7740
1.0166 -0.6089 -0.5457 -0.3065 0.5118 -1.5243
0.5881 -1.9368 -0.1809 -0.2956 -0.3192 0.5836
1.2249 -2.6408 -0.4288 0.9716 0.3828 0.4831
0.1166 1.7746 0.2195 -0.3969 -0.6685 0.5587
-0.5502 -0.3758 1.1628 -0.0664 1.8127 0.3044
1.3446 -0.9110 1.8383 0.2309 1.1295 -0.9509
-1.6036 -0.2896 0.2991 1.2072 0.2238 -0.1851
-0.2557 0.5519 -1.0647 0.5178 0.3296 0.2030
-1.0075 -1.4481 -0.4122 -0.7725 -0.4286 -0.5561
0.5938 -2.6244 0.7202 0.1825 1.5037 0.2280
0.7962 0.1397 -1.7210 -0.1690 -0.0921 0.0065
-0.5234 0.6987 -0.4935 -0.0750 -0.7762 -0.7989
-2.5177 -0.2151 1.2341 -0.1287 -0.5766 -1.1637
-0.1554 -0.8662 0.5919 1.5352 0.6248 1.1177
0.9993 0.1510 -0.8632 -0.0782 -0.3579 -1.6891
-0.0061 1.6347 -0.5024 1.0667 0.4046 -1.0177
0.1209 -0.5677 -0.6889 -0.2500 0.1842 2.1260
0.3759 -1.7586 -0.0384 0.2439 -0.8116 1.9542
-0.7126 0.1251 -0.5597 0.6745 -1.7311 0.6256
1.4433 0.2688 -0.7583 -2.4739 -0.8380 -1.7915
1.4896 0.6733 -1.2736 2.3361 -0.7379 -1.9081
0.7818 0.7441 0.0529 -0.2958 0.6216 -0.9653
-0.7070 1.2598 -0.1148 -0.5533 -0.3778 -0.7705
0.7975 0.2880 -1.9815 -1.7678 -0.4794 0.9022
-0.8913 -0.3238 0.2355 1.0718 1.1520 -0.4037
-1.6811 -1.9075 1.1260 0.6348 -0.5679 0.0972
2.2095 -1.6584 -0.2035 -1.3605 -1.0912 -0.1195
-0.7926 0.2099 -1.3458 -0.0710 -0.5455 0.1173
-0.0608 0.3264 2.1678 0.3048 -1.0569 -1.2727
-1.4569 -0.7912 -0.9456 2.7938 0.8753 0.8693
0.7616 0.2370 0.6938 -0.0510 1.6443 -1.2958
1.1417 1.4639 -0.2465 -0.3708 1.1478 0.2122
-0.3615 -0.8981 1.3766 1.6586 -0.1918 -0.1066
0.7186 0.4575 0.2693 0.3157 -0.9400 -0.1592
-1.6948 1.2920 0.1339 0.0489 -2.3177 -1.6730
-0.4167 -1.7000 -0.4135 -0.0642 -0.2082 -1.9453
0.7262 0.2008 -0.6756 -1.2923 0.1980 -0.2907
0.0450 0.3150 1.2193 0.9762 -0.2982 1.4418
0.1994 -0.5895 0.3613 1.7869 1.2107 -0.7972
1.3283 -1.2177 1.0720 0.2953 2.6381 0.1827
1.6937 0.7815 -1.2039 -0.3588 -1.6059 -0.7070
0.1704 0.0849 -1.1480 0.0845 -1.7480 1.4065
-0.2450 0.8418 1.0514 0.4027 1.1452 -0.0475
0.3429 -0.2859 -1.5919 -0.1761 -0.1568 0.7414
0.5864 -0.3624 -0.6640 -0.3275 0.5640 1.0892
0.1256 -2.7478 0.1297 1.7894 0.6303 1.5112
-0.3469 0.8210 0.7082 0.5913 1.7225 -0.2607
-1.6626 0.6351 0.3565 -1.3528 0.6304 1.7579
0.3525 0.6703 -1.5781 1.3006 -0.5469 0.4740
-0.9670 -0.2823 -0.1024 -0.0840 0.3719 1.3089
-0.6887 0.6787 -1.0562 0.3147 -0.3232 1.2296
0.0110 -0.9235 0.7418 -0.3825 -1.4553 0.2277
0.7422 -1.1353 0.6565 1.4771 -1.4603 -0.1833
-0.9459 0.2942 -0.4230 -0.5019 -0.9999 0.7029
-0.5104 -1.7710 -0.7169 -0.0289 -0.4615 2.5639
0.7192 0.1815 -0.4748 0.9467 0.7764 1.6192
1.4719 -1.0655 -0.5728 1.4413 -0.9275 -0.5698
-0.9923 -0.3079 -1.2677 0.6765 0.4583 0.4847
0.1130 0.2313 0.2448 0.4550 -0.0293 -1.0324
1.4578 0.7519 -0.5595 0.2413 0.2757 -1.1004
-0.5000 1.8389 1.2976 0.4391 0.8057 -2.4801
-1.4324 1.6589 0.4165 1.5051 -0.2552 2.2789
0.7695 -0.2735 -0.4562 0.0800 1.0313 -0.2181
-0.6509 1.0252 1.9252 -0.3631 -0.0615 -1.9978
-1.5951 0.5456 -0.3052 0.2547 -1.7323 0.5952
0.2186 -0.6440 0.1621 -0.6068 -0.2930 0.2919
0.8541 1.1999 -2.4178 0.3791 -0.8326 0.0046
-1.0444 1.4078 -0.4066 0.2270 0.2131 0.5689
1.6766 1.1210 -0.7691 1.7673 -0.5628 -1.0864
0.2382 0.2162 1.4455 -0.7523 0.4523 0.0197
-0.2702 -0.3939 -0.1092 0.1856 -0.5640 2.6353
-1.4752 1.8985 0.7671 1.6233 1.1744 1.1578
-1.1429 -0.0312 -2.2101 -0.8767 -0.4858 0.5916
0.3733 0.8048 -1.0574 1.2870 -0.7525 -0.4367
1.7341 -0.3107 -1.4086 0.1738 1.6330 -0.6128
-1.0139 0.6469 0.1777 -0.0103 1.0420 -1.1528
0.9281 -0.8565 -0.2591 -2.2291 0.4791 0.1784
0.0739 -0.2718 0.4434 1.0139 -0.7639 0.8987
0.7251 0.9365 -1.0466 -0.0488 1.4967 -1.7580
-1.1359 -0.6242 0.1413 -0.7791 -1.1654 -0.6468
-0.7505 0.5424 0.1365 -0.9310 0.2372 1.5246
-2.0736 0.2003 0.4266 -0.7168 0.3044 -0.0221
0.8102 2.1782 -0.4565 0.1315 0.2979 1.0910
-0.5359 -0.4917 0.8559 -0.1765 -0.3217 0.7833
1.3435 -0.4427 0.1275 1.2376 -0.0399 0.7091
1.0418 0.2019 -1.0777 0.1281 0.2127 -0.5148
-0.5649 0.4907 -0.7006 -0.8116 1.0763 0.2346
-0.6678 -0.1658 0.4443 1.7039 -0.6926 -0.3010
-0.4286 -0.1859 2.4056 -0.5363 0.6343 0.6748
-0.8946 1.5631 -1.6849 -0.5878 0.2860 0.2023
1.2401 -0.5366 0.9044 0.6730 -0.8263 -0.8069
0.3561 0.1524 0.6890 -0.2427 0.7533 -0.7365
-0.8842 -2.5191 0.3079 0.6816 1.1400 0.6802
-0.6988 -2.1610 -0.8662 -1.2062 -1.9523 -0.3598
-0.4557 0.5010 0.0092 0.8453 -0.0680 0.8783
1.1408 0.1945 0.9108 -0.1676 -1.6573 -1.5936
2.1685 -0.3250 -0.4130 -1.2806 0.5789 1.0800
0.0124 -0.8645 -1.3492 0.2093 -1.7303 -0.2683
0.1060 0.1147 -1.0651 0.9565 0.3320 0.8407
-0.3893 -0.9964 -0.1219 -1.7327 2.0446 -0.5761
-0.9746 -0.3559 -1.0080 -0.4474 -0.5693 0.6078
-1.2243 -2.1264 -1.0895 1.2656 -0.2576 0.7217
-0.4824 0.8472 -0.0728 0.3429 -1.1334 0.3900
0.7433 0.6384 -1.1477 0.5394 1.5418 -0.1504
0.6539 1.3623 0.0047 0.6427 1.0423 1.1396
0.1787 -0.0311 -0.6655 1.3626 0.8702 1.6178
0.8457 1.2716 -1.0912 -1.1242 1.3649 -1.4642
0.1388 -0.5009 0.9245 -0.3165 0.1949 -0.5636
0.1383 -1.0069 1.0587 1.5422 -0.2012 -0.3685
1.2650 -1.4569 -0.5524 -0.6079 1.4830 0.7213
-0.7563 -0.0273 -2.0192 -0.3987 1.1495 0.2471
-0.2041 0.0371 -0.0286 0.9951 -0.7429 -0.5288
2.1941 -0.2018 -0.5342 -0.1477 -0.9704 -0.2580
0.6488 -0.5116 -0.0246 0.8341 -0.8954 0.1956
-0.2820 -0.1449 -0.3754 -0.5737 0.8533 0.2006
-0.6716 -1.7244 1.6078 -0.9896 0.2981 -0.7435
-0.5599 0.5179 0.1355 0.1617 0.0275 -0.9755
-0.6790 -1.1792 -1.8524 -0.1386 -0.4700 0.0939
-0.5893 -0.8166 -1.8457 0.2332 1.7816 0.2191
0.7865 0.0696 -0.6403 0.3407 0.5220 -0.1783
-0.3924 0.0284 0.8587 1.0021 0.5825 -1.8884
0.5544 -1.1338 1.5457 -0.3106 0.2720 0.8703
-0.5768 -1.4971 1.1724 -0.1726 0.0224 -0.5126
0.6987 0.2360 0.6648 1.4907 -1.9384 -1.0347
1.0141 2.7581 0.0383 -1.3294 -1.1786 0.5001
-0.7120 0.6184 0.2682 0.2531 1.4924 0.5192
-1.1918 -1.2954 -0.4037 -0.4640 0.2848 1.4304
-0.6300 -0.5519 -0.8171 -1.0596 -0.2232 -1.1393
0.1327 -1.7762 -0.6338 0.4644 -0.0087 0.1643
-1.7524 -0.4743 0.2818 -1.4684 0.5306 0.7008
-0.2969 -0.8423 0.9755 0.6787 0.4121 -0.9438
-0.1898 -0.4188 -0.2466 1.8211 1.9516 -0.8232
0.7880 -1.4341 -1.5030 -0.8083 -0.1704 1.5192
-1.0503 0.0709 -0.8916 -0.3093 -0.9513 -0.0546
0.6369 0.3612 0.3137 0.5591 0.7987 0.3159
3.1226 0.2025 -0.4495 -1.4839 -0.2247 -0.4790
0.0222 0.8376 2.2350 0.7805 0.5036 0.4896
0.7156 -0.6387 0.6100 2.4354 -0.9998 -0.3445
-1.9331 0.3190 -0.7923 -0.1972 1.7562 0.5538
-0.6492 -0.2161 1.4115 -0.3160 -0.0103 -2.1377
-0.4688 -0.6653 -0.7376 -1.8735 0.2328 0.9899
0.5773 0.2165 1.1238 1.0754 0.3320 1.5923
-0.5197 -0.7425 -0.4880 -0.4576 1.1275 -1.0991
-0.9524 2.0311 0.4052 -0.3998 0.6665 -1.4792
0.3625 1.5837 0.0594 0.3688 1.5942 0.0516
-0.3202 0.1876 0.9385 -1.3954 -0.2150 -0.0640
-0.2462 -0.1187 0.7337 0.4997 -1.0988 0.3548
1.2703 -0.6256 0.6410 -0.6232 1.7204 0.3073
0.7764 1.1255 1.1296 1.2832 -1.3172 -1.5134
0.1167 -0.3725 -0.0098 0.6201 -0.4893 -1.8781
-0.8187 -0.3537 -1.0081 -1.4400 0.6107 -0.2106
-0.4565 0.1712 -0.1393 1.0751 0.2729 1.3313
-1.9986 1.2163 1.6153 0.0308 1.6125 -1.0406
-1.5795 -0.1507 -0.3120 -0.4078 1.2207 0.8933
0.7298 -0.3104 -2.9063 1.4171 1.2317 0.4004
-0.6037 0.0469 0.1752 -0.0859 0.5146 0.7016
-1.4520 0.3765 -0.6208 -1.3176 -0.6058 -1.4270
-1.7181 -0.0805 -0.4784 -0.3970 -0.3173 -2.1765
-0.4048 0.7405 -0.3976 -0.7332 -1.4682 0.4144
-1.1975 0.4975 0.7075 -1.1455 -0.7747 -1.1834
-0.3086 1.9678 1.1767 0.5491 2.1878 -0.2104
-0.6815 -0.8531 -0.9885 0.1459 -2.0007 -1.6637
-1.7078 -0.4230 0.5184 0.8870 1.0883 0.7360
-0.7002 -0.0379 1.7621 0.6125 0.6172 1.2881
0.2702 0.2616 0.3546 0.9820 -0.0922 -0.1177
1.8015 -0.4215 0.3822 0.9685 0.6679 0.2210
-0.5597 0.4776 -0.6251 -1.0079 -0.8622 0.8016
0.4930 -0.5274 0.5127 -0.7993 -0.5769 -0.4009
0.0347 1.0735 -0.9350 0.1318 -1.8642 -0.6417
0.8139 0.0165 0.0473 0.3129 -0.5977 0.0277
-0.5285 0.7820 -0.5241 -1.0306 0.4570 -0.6207
-1.8115 -0.6998 -0.6300 -0.7540 -1.4327 -0.9195
-1.1850 -0.3742 1.5505 -1.3070 -2.7598 0.2446
-1.8542 0.4680 0.3799 -0.2058 -0.0216 0.8349
0.4930 0.9649 0.8084 -0.8241 0.7042 -1.1125
0.1669 0.9978 0.6905 0.3679 0.2414 0.2311
0.7008 -0.9295 -0.5673 -0.0706 -1.9808 0.4439
0.8561 2.5921 0.2128 0.5513 0.1214 1.3783
0.7985 1.2196 1.5759 1.0024 1.3882 1.3414
0.9137 -0.7611 1.0645 -1.0719 -1.2085 1.2790
1.5118 -1.7879 -0.0784 0.8621 -0.4710 -0.0035
0.0420 -0.4090 1.9447 1.0837 -2.2650 -0.0126
1.1456 1.0173 1.0264 -0.1616 -0.3273 0.2791
0.7272 0.8342 -1.2112 -1.5173 1.2610 1.0007
0.6679 0.9323 -0.9731 -0.0018 0.5024 0.7954
-0.5966 1.1540 0.6402 -1.0446 -0.8869 0.2697
-0.5773 1.5110 -0.1574 0.8594 0.0555 1.4301
0.7995 -0.0512 0.7490 1.4868 3.7767 -0.8625
-0.2813 0.0244 -1.2904 -1.7294 -0.0851 1.9788
-0.1699 0.6586 -0.0004 -1.5488 -0.5314 -0.0143
0.9632 1.0300 0.3806 2.4205 -1.0077 0.7751
-0.0578 -1.2769 0.4813 0.6130 -0.1446 -0.1459
-1.0241 -1.2432 2.0078 -0.7056 0.1996 1.8526
-1.0034 -1.4332 -1.3199 1.3021 0.5278 1.5210
1.7782 -0.1445 2.2954 -0.4606 -1.0480 0.8901
-0.0844 2.0963 -0.5403 0.6649 0.0299 0.9216
-0.0450 2.4475 1.7239 2.1142 0.3050 -0.1744
-0.3401 0.0519 -0.3725 1.0639 -1.2884 0.1774
0.0560 0.8019 -0.4918 1.5149 2.0376 -0.1402
1.2086 0.3481 0.6751 -0.0675 1.1651 0.1181
-0.5572 0.2477 0.6925 0.5161 -1.4429 0.0337
0.6002 1.2377 0.4361 0.2347 -0.4373 0.3933
1.0011 -0.7006 -0.7398 -0.5544 1.6619 0.0101
-0.6017 1.5192 -0.5247 1.5124 -0.9789 0.7079
-0.4946 -0.1186 1.5278 -0.1099 1.1110 -0.5296
0.3391 -0.8136 0.1994 1.7144 0.4103 0.1372
-0.5676 -0.1790 0.2173 -1.5068 -0.7384 -0.7310
-0.3663 -1.0485 -0.4661 -0.4951 -1.8511 -0.3934
-0.0710 -0.1813 1.7343 -0.5827 0.9023 -1.1220
1.0836 -1.3445 -0.0116 -0.2304 0.4496 1.9565
0.6875 0.0836 0.2152 -0.6692 -0.5110 0.9590
-0.3951 1.9021 0.6951 1.5671 0.7555 -0.6977
-0.9925 1.4002 0.6010 -1.5398 0.0720 0.1366
0.0420 -0.5359 -0.0549 -0.6800 -0.0220 -0.2778
1.6913 1.8212 0.2112 -0.5420 -1.0895 1.3925
1.0331 0.4254 0.4776 -2.5088 0.7669 -0.9402
-0.8081 -0.0815 0.8413 0.3495 1.1065 0.6002
-0.1972 0.7648 -0.0483 2.3272 2.3336 0.0589
1.6444 0.9874 0.0052 -0.5088 -0.6934 -0.6904
-1.0516 -1.1054 1.9059 -2.3617 0.6738 0.5388
-1.1859 2.4412 0.9429 0.7137 0.4078 2.1968
1.5874 0.2243 1.0105 -0.5594 -0.0787 -0.6819
0.0627 1.3098 1.9111 0.7882 -0.5165 1.2515
1.1442 0.6128 -0.0655 -0.9289 -0.7454 0.2337
-1.6763 -0.0433 1.9497 1.7047 1.9807 -1.0126
1.9007 -1.3264 0.4444 0.1074 2.1276 1.2498
0.9898 0.2501 -0.0461 -0.1256 0.6525 -0.7436
1.1618 1.3718 0.2076 -1.5508 0.7014 0.2357
-0.7728 -1.1743 1.1164 -0.3771 0.8867 -0.6371
1.0405 -0.8769 -1.9093 -0.5240 0.6836 0.0898
-0.4260 0.3104 1.0431 -0.6834 0.7133 0.8903
-0.0411 -0.7456 -0.1706 -2.0455 0.6528 0.2504
-1.9611 1.0115 -1.9975 0.0455 -0.7471 0.8660
-1.4936 2.0697 0.0888 -0.3246 0.3019 -1.0688
1.0651 -0.1049 -0.6295 -0.9298 0.5449 1.5099
-1.0969 -0.9014 2.6035 0.2676 -1.0388 -0.1460
-0.7612 0.5164 0.0323 -1.6622 -0.1964 0.4312
-0.2562 -0.6128 0.4590 -0.2974 -1.3533 1.3909
-0.3023 0.2304 1.0048 1.1898 0.8660 0.4172
-1.4534 0.1883 -0.6084 0.4958 -0.3809 -0.7078
-1.2133 0.8335 -0.7788 -1.2555 -1.1028 -0.9636
-0.3029 0.1901 -1.0038 1.6316 -1.1193 0.6003
-0.1564 -0.2313 0.2438 2.0628 1.9300 0.0829
-0.0620 0.6152 -0.0217 1.5639 -0.2916 0.7366
1.4267 0.8412 0.6305 -0.6610 0.4844 -0.1347
-0.4731 0.9933 0.7425 -1.8181 0.0342 2.7486
-1.0716 0.8319 1.0726 -0.1830 -0.2777 0.0933
0.7524 1.8627 0.4309 -0.6814 -1.0296 -1.4228
-0.0809 -0.4227 -0.8156 -0.3701 1.1446 0.0275
-1.1055 0.6065 -0.3026 2.0821 2.0143 -1.4771
-2.0848 1.1850 0.0032 0.5355 1.3578 -1.4403
0.3638 -1.7459 -1.6001 0.1924 1.9765 0.8744
-0.4836 1.0094 0.2351 1.3884 -1.6526 -0.7516
-0.7793 -0.2207 -1.3469 -0.5606 1.4614 0.4716
-0.7861 -0.5506 0.3445 -0.7485 0.8963 0.4275
0.7130 0.8575 1.2606 -2.2746 1.0454 -1.3196
0.6986 -0.3148 1.6310 -0.8877 0.9246 0.0849
-0.7784 -0.8282 -1.6729 -1.2379 -0.9176 0.4117
-0.4716 1.0209 1.3150 -0.5827 -0.5385 1.7297
0.8791 -0.8697 0.7174 -1.8031 0.1592 -0.3016
-1.5729 -0.9357 -0.0484 -1.0465 -1.2459 1.2460
-0.9646 0.1397 1.4363 1.6793 -1.3839 1.2284
-2.0154 -1.0602 0.9685 1.7213 0.3932 0.4438
-0.7087 -1.2504 -1.2364 0.0971 1.7740 -0.4101
0.4107 0.6808 -1.4215 -0.0213 0.8613 -0.3262
0.7009 0.9811 -0.6038 -0.5550 0.1498 -0.6923
0.1228 0.6133 -0.2650 1.0350 0.3228 -0.3781
-1.0491 -1.4883 -0.3426 0.6329 0.1376 -0.2363
1.2764 -0.0922 -1.2353 -0.9656 -0.2469 0.4635
0.1159 -0.9520 -1.0761 -0.3953 0.8777 1.7792
0.5089 -1.5825 -1.1937 -2.0463 0.7233 2.2254
-0.4963 1.2821 -2.4334 -1.0432 -0.1091 -0.7455
0.3346 0.2757 0.7699 0.4009 2.4589 1.1306
0.0840 -0.3331 -0.4235 -1.5619 -0.2442 -1.3174
-0.3172 0.8561 1.8284 0.4895 -0.5381 0.3393
0.4872 0.3815 -1.5540 0.1304 -2.1963 -1.3951
-0.6447 -1.1220 -0.1253 0.1975 -0.4502 -1.0513
-0.6780 -0.5431 1.2009 1.3135 0.5526 0.4670
0.8270 0.2898 0.9262 -1.4259 0.8157 0.2660
0.7083 0.1742 -1.2174 0.0080 -0.8811 3.0617
-0.7600 -1.2767 1.9761 -0.6148 0.9186 0.4624
-0.4678 -1.3291 -0.9636 -1.6247 -0.7550 -0.5783
-0.4793 -1.3001 -1.1267 0.6386 -1.2286 2.0297
0.3480 -0.0273 0.3144 -0.9480 -1.2388 -1.7039
-0.5305 0.3155 -0.7025 -2.1218 0.9454 -0.5853
-0.5172 2.0571 0.3570 1.8403 0.0333 0.0267
0.4191 -0.6931 -0.8358 1.4845 0.9404 0.9820
-0.8181 0.2008 -1.2650 0.7215 0.9365 -0.6577
-0.0189 -0.0667 -1.9943 1.0418 1.4618 -0.1082
-1.4602 -0.9479 -0.5888 1.4806 0.7041 -1.0397
-1.1912 0.0807 0.6123 -0.4054 -0.3811 -1.5405
2.6604 0.2317 0.2610 -0.3530 -0.2968 -0.0454
-1.9280 -0.7234 1.4531 -0.6548 -0.8145 -0.1349
-1.4309 1.3739 0.5222 -0.8803 -2.0526 0.3020
-0.2838 2.0168 1.1725 -0.2135 1.6388 -0.2817
-0.3808 -0.7820 0.7104 0.3728 -0.7121 0.4928
-3.6033 -1.3726 -0.4333 -0.9602 -1.0774 -0.0354
0.3015 -1.0376 1.7054 2.1157 0.3953 -0.4815
0.1447 0.1849 0.1165 -0.7053 1.3488 -1.1784
-1.4379 0.8316 -1.0325 -0.5604 -0.0372 0.3708
-0.4724 -2.0655 -1.4222 -0.2099 -0.0992 0.4487
0.8302 -0.1955 0.0086 -0.6166 1.5080 0.1463
1.4781 -0.4494 -0.6496 -1.2613 2.1169 0.5526
0.2384 0.0338 0.3029 0.3421 1.9102 1.3971
0.1553 -0.3682 -1.9491 -0.1606 0.0617 -0.0357
-1.4764 -0.5036 -0.0396 -0.9543 0.3687 -0.8625
0.0539 -0.3423 0.8734 -1.8059 -0.2847 0.1894
-0.3595 -0.6724 2.1573 0.3806 -0.1482 0.7013
0.3396 -0.4923 -1.3339 0.3139 -0.5067 1.1298
-0.7727 -0.1140 -1.0569 -0.5251 -0.4491 0.8891
-1.3920 0.7963 0.1575 -1.0504 -0.2052 0.3420
0.0018 0.8137 0.0574 1.2168 -3.0025 1.2257
1.5173 0.1699 1.8426 -0.9998 -1.7313 1.9096
-1.3903 0.0496 -0.9320 0.5537 1.0002 2.0274
-1.4788 -0.3535 -0.4705 0.5712 0.5508 -0.0357
-0.1575 -0.8865 2.0477 -0.3919 -0.2345 0.1778
1.1578 -0.0233 1.0308 1.4351 0.2555 -0.7386
-0.8888 0.3163 1.7801 -0.5396 -0.4934 1.7900
-1.5617 1.1084 -1.2994 -0.1616 -0.0505 0.8733
0.4863 1.0476 0.0217 -1.0282 0.7500 -0.4692
-0.1606 -1.0917 0.3955 -0.2450 2.1646 -1.2024
1.2750 0.4780 1.6008 -1.5418 0.6588 -1.8228
-0.7313 1.1647 -1.4471 -1.3154 -0.1141 -0.9124
0.6758 0.8173 -2.0695 0.3117 -0.1206 -1.1998
0.9432 -0.2748 0.3589 -0.2340 -0.6080 0.3260
-0.9876 -0.0671 -1.1531 0.4507 -1.7572 0.0082
0.1800 -0.4571 2.3434 -0.4286 0.0899 -0.4538
-0.1671 -0.7121 -0.6370 0.8792 0.0680 0.4300
1.1030 0.2895 -2.0892 -0.1470 0.2372 0.5761
-1.1344 1.4147 -1.0769 -0.9550 1.2236 -2.4990
0.7978 -0.6156 -0.0875 -0.0594 0.1387 0.6611
-2.3149 -0.2547 -1.1092 0.5619 1.1886 -0.0127
0.5990 0.4250 -0.0713 -0.3907 2.1972 1.0953
-0.0552 1.8752 -0.0616 1.1826 0.3083 -0.8520
0.0331 -0.1111 -0.2137 -0.7655 1.9653 -1.2623
-0.6407 0.8088 1.9150 -0.5591 1.5183 0.4176
-0.5460 0.5528 1.2290 1.0062 0.2788 -0.4448
-0.1098 -1.9631 -1.5470 1.0727 -0.5912 1.4472
-0.3986 -0.6192 0.8457 0.7951 -0.0057 0.3315
0.4813 1.0103 -1.1311 -2.2363 -0.5119 0.5990
-0.4021 -0.8389 -1.2450 0.2051 2.0392 -1.3640
0.8922 -0.2088 0.0579 -1.1158 0.3169 -0.3631
-0.9472 -0.9115 -1.7946 -0.0294 -0.3133 -0.4281
1.8597 1.6393 -0.3333 1.3505 -0.7132 0.4115
-0.1136 -1.2597 0.3816 0.6710 -0.7068 0.2638
1.5858 -0.1738 -1.2287 -0.0474 0.2252 1.1556
-1.8957 2.5998 -0.5806 -0.6902 -0.3811 -0.6887
-0.2317 0.1810 0.4317 0.0904 -0.8497 1.1971
-0.0654 0.6692 -0.9274 -0.9405 -0.8838 -0.6751
2.4677 0.1069 1.9320 0.3891 -0.8092 1.0019
1.5290 -1.5970 -0.1665 0.8093 0.4685 0.3630
-0.6247 -1.7008 -2.9703 -0.6964 -0.1527 -0.9888
0.4745 -0.5455 1.0600 -1.4217 -1.1229 1.8239
-1.0475 -0.1063 -0.2007 -1.5317 -0.5877 -0.6261
-0.7286 -0.6611 0.5494 -0.6206 -0.5468 -1.0141
1.1818 0.4778 0.9325 -1.0327 -0.5260 -2.2667
-0.2281 -1.3351 -0.1751 -0.3169 0.0690 0.2650
1.0069 -0.4569 -0.9966 -0.2501 1.1193 -0.6783
0.2974 -0.0010 0.2858 -1.3932 0.7310 0.0280
-0.0719 -0.6137 -0.0420 0.3728 -1.1906 0.5634
-1.0263 0.3641 1.0359 2.1919 0.0697 2.2994
-0.5480 -0.1369 -0.4793 -0.1832 -2.0601 -0.8264
0.1748 1.3452 -0.8018 -0.3250 2.3221 1.0083
-0.2390 -0.2151 0.4524 0.7934 -0.1299 -1.9467
-0.4288 -0.8678 -1.4108 -0.8600 -0.9544 0.4117
0.9154 -0.9869 -1.5893 -1.2109 0.0896 -0.3233
-0.7240 2.0263 -1.5944 1.2154 0.7973 -1.0745
-0.7570 0.3986 0.3702 -0.0049 1.0487 2.0529
-1.6497 0.9421 0.3127 -0.2499 -0.1220 0.7333
-0.3214 0.0701 -1.2625 0.2640 0.9257 0.2108
-0.6931 -1.1453 -0.7664 -1.2603 -0.2282 -0.9745
-0.0515 0.0703 -1.6123 -0.5441 -0.0898 2.2147
0.7983 0.9767 1.4158 -1.0547 -0.7585 -1.1536
-1.4501 0.7697 -0.6568 -1.2249 -1.1718 -0.1268
-2.4962 -1.4250 0.0824 0.7048 -1.5320 0.7783
-1.6351 -0.5246 0.6323 -0.7898 -1.3603 -0.2281
-0.5195 0.2411 -1.0919 1.2238 -0.2537 0.8536
-1.3959 0.5342 -0.0439 -0.0298 1.8784 1.4022
0.1487 -3.0024 0.1352 0.4705 0.0118 -0.0838
1.4926 2.2379 1.0020 -1.0160 -2.3080 -1.0250
-0.0958 0.1358 1.8387 -0.4617 0.5736 -0.2867
-0.0726 -0.4204 1.3488 1.9707 -0.0585 0.9270
0.1526 -0.1468 1.9399 1.3712 -0.0019 0.9565
-0.1475 -1.3226 0.0968 -0.2977 0.0555 -0.7504
0.2460 -0.9453 0.0323 0.1629 0.1722 -0.2588
-1.2527 -0.6235 -0.7521 0.0067 -0.5635 0.6768
1.4595 0.6415 -0.3180 0.5308 0.2354 1.3152
0.4302 1.2943 -1.7835 0.6575 -0.1717 0.8486
-0.1872 0.6293 0.0561 -2.5845 -0.1287 -0.8358
1.0465 -0.5622 0.0472 0.8508 0.2035 0.0936
1.8118 -0.1718 -1.6825 -0.0508 -1.6912 1.6624
-0.3679 -0.5704 -0.3644 -1.0965 -1.2729 0.7892
1.7911 -0.4594 0.9637 1.6959 -0.8668 -0.1898
-0.6525 2.0557 -1.6743 -0.7079 -0.1602 -1.4779
0.4977 -0.6074 -1.8805 -0.9151 0.8513 0.8488
-0.8274 -0.0185 1.3733 0.2967 -0.5525 0.5570
